image: mbc_L9.pgm
resolution: 0.050000
origin: [-5.185782, -32.351328, 0.000000]
negate: 0
occupied_thresh: 0.65
free_thresh: 0.196

